# Blackhole Presets v2
1 1 5.250 1 0
8

5500 1.50 0.35 1.8 8.0 0.90 0.60 2.5 2.20 1.60 7.0 5.0 1.40 0.000

4500 1.52 0.10 2.2 7.0 0.85 0.35 2.0 1.40 0.50 7.0 5.0 1.20 0.000

3800 0.55 -0.30 2.2 6.0 0.45 0.90 3.5 1.60 0.40 3.0 2.5 1.10 0.000

6500 0.30 0.00 3.0 10.0 0.50 0.80 2.5 1.00 1.10 7.0 5.0 1.00 0.000

15000 1.30 0.35 3.0 14.0 0.35 1.00 4.0 1.20 1.30 8.0 5.0 0.80 0.000

18000 1.05 0.55 3.0 16.0 0.30 1.00 5.0 1.00 1.50 9.0 6.0 0.75 0.000

5500 1.50 0.35 1.8 8.0 0.00 1.00 2.5 0.00 1.60 7.0 5.0 1.00 0.600

5500 1.50 0.35 1.8 8.0 0.90 0.60 2.5 2.20 1.60 7.0 5.0 1.40 0.000
